1.29861 -0.127227 -0.156723 -0.72777 -0.466594 0 
-2.97201 -0.73954 -0.114717 -0.451578 1.00507 1 
1.30344 -0.491313 -0.161145 -0.0399023 -0.731609 1 
-2.97012 -0.653645 0.597984 -0.766804 0.0602953 1 
1.30372 -0.49188 -0.161122 -0.0403518 -0.732411 0 
1.30003 -0.663697 -1.58654 0.590111 1.15707 0 
-2.96473 -1.01887 0.593606 -0.0798341 -0.206326 0 
1.14164 1.94868 0.00207247 -1.38753 0.0616355 0 
1.01 2.20188 0.138834 1.39026 -0.738465 1 
0.633976 -0.472184 0.148557 -0.269446 1.17436 1 
-1.79184 1.21219 -1.28805 -0.337008 -1.33395 1 
-2.96494 -1.01832 0.59357 -0.0793766 -0.20557 1 
1.30372 -0.49188 -0.161122 -0.0403518 -0.732411 0 
0.564969 6.60576 0.593233 2.84764 -0.483705 0 
1.30344 -0.491313 -0.161145 -0.0399023 -0.731609 0 
0.640971 -0.75094 0.85686 0.102745 -0.0362213 1 
1.13281 2.14153 -1.41894 -1.44449 2.21695 0 
0.641256 -0.75151 0.856881 0.102297 -0.0370283 1 
1.29831 -0.126651 -0.15674 -0.727324 -0.465773 0 
1.3016 -0.577222 -0.873856 0.275329 0.213132 1 
0.641222 -0.751499 0.856888 0.102293 -0.0370049 0 
-2.30218 -0.759264 -0.424415 -0.222472 -0.90177 1 
1.29975 -0.66313 -1.58657 0.590561 1.15788 1 
-2.96469 -1.01888 0.593597 -0.0798289 -0.206356 1 
1.14136 1.94925 0.00204967 -1.38708 0.0624371 0 
0.564691 6.60633 0.593211 2.84809 -0.482903 1 
1.30188 -0.577789 -0.873833 0.27488 0.21233 0 
-9.1609 2.75294 -1.65569 -1.36153 -1.14484 0 
1.29975 -0.66313 -1.58657 0.590561 1.15787 1 
1.30372 -0.49188 -0.161122 -0.0403518 -0.732411 0 
-0.0230828 -1.09704 1.16218 0.560174 1.60311 0 
-2.97221 -0.73948 -0.114676 -0.451602 1.00521 1 
1.29975 -0.66313 -1.58657 0.590561 1.15787 1 
0.641262 -0.751512 0.85688 0.102298 -0.0370328 0 
-0.028333 -0.732344 1.16661 -0.127262 1.86903 0 
-0.0264085 -0.646459 1.8793 -0.442484 0.924233 0 
1.30188 -0.577789 -0.873833 0.27488 0.21233 1 
1.30372 -0.49188 -0.161122 -0.0403518 -0.732411 0 
1.2932 0.238002 -0.15234 -1.41474 -0.199956 0 
1.29648 -0.212565 -0.869454 -0.41209 0.478957 1 
1.29833 -0.126658 -0.156744 -0.727321 -0.465789 0 
0.635847 -0.386282 0.861262 -0.584675 0.229606 0 
1.30187 -0.577789 -0.873833 0.27488 0.212331 0 
0.340514 2.22101 0.44854 1.16072 1.16752 1 
1.29975 -0.66313 -1.58657 0.590561 1.15787 1 
1.30372 -0.49188 -0.161122 -0.0403518 -0.732411 0 
1.2949 -0.299038 -1.58214 -0.0973097 1.4229 0 
1.29975 -0.66313 -1.58657 0.590561 1.15787 1 
1.29162 0.151529 -0.865026 -1.09996 0.743992 0 
1.29831 -0.126652 -0.15674 -0.727324 -0.465774 0 
1.13648 2.31335 0.00648221 -2.07495 0.327487 0 
1.30372 -0.49188 -0.161122 -0.0403517 -0.732411 0 
-2.97203 -0.739536 -0.114714 -0.45158 1.00508 1 
0.635834 -0.386279 0.861265 -0.584676 0.229615 1 
-3.11332 0.241825 0.03089 0.950478 0.735003 0 
-2.96469 -1.01888 0.593597 -0.0798289 -0.206356 1 
0.640985 -0.750944 0.856857 0.102747 -0.0362312 1 
1.30188 -0.577789 -0.873833 0.27488 0.21233 0 
0.342397 2.30691 1.16124 0.84549 0.222756 1 
0.984634 4.0246 0.160874 -2.04729 0.589887 0 
1.30188 -0.577789 -0.873833 0.27488 0.21233 0 
-2.96693 -1.10419 -0.119112 0.235838 0.739268 1 
-2.96992 -0.654189 0.598023 -0.767263 0.0595483 0 
0.994905 3.29528 0.152065 -0.672446 0.0582171 0 
-0.0230828 -1.09704 1.16218 0.560174 1.60311 0 
1.15003 1.13346 -0.71944 0.302543 0.474731 1 
-2.30245 -0.758699 -0.424439 -0.222022 -0.900973 1 
1.30372 -0.49188 -0.161122 -0.0403518 -0.732411 0 
0.989567 3.66049 0.156431 -1.35941 0.324801 1 
1.2935 0.237427 -0.152323 -1.41519 -0.200774 0 
0.641262 -0.751512 0.85688 0.102298 -0.0370328 0 
0.984357 4.02517 0.160852 -2.04684 0.590689 0 
0.641101 -0.751462 0.856914 0.102277 -0.0369195 0 
1.29675 -0.21313 -0.86943 -0.412541 0.478161 0 
1.3036 -0.491842 -0.161096 -0.0403674 -0.732324 1 
-4.58314 -0.50739 -2.72371 -0.689889 -2.46189 0 
1.30372 -0.49188 -0.161122 -0.0403518 -0.732411 0 
1.30372 -0.49188 -0.161122 -0.0403518 -0.732411 0 
0.347782 1.94169 1.15687 1.53246 -0.0438609 1 
1.30343 -0.491309 -0.161142 -0.0399038 -0.731601 1 
1.30372 -0.491879 -0.161122 -0.0403521 -0.732409 0 
1.30372 -0.491879 -0.161121 -0.0403523 -0.732408 1 
1.29975 -0.66313 -1.58657 0.590561 1.15787 1 
-0.0212849 -1.01112 1.8749 0.244936 0.658407 0 
0.640985 -0.750944 0.856857 0.102747 -0.0362312 1 
1.28809 0.602653 -0.147942 -2.10216 0.0658584 1 
0.858394 3.91257 0.293258 1.41747 -0.476838 0 
1.30372 -0.49188 -0.161122 -0.0403518 -0.732411 0 
-9.16118 2.7535 -1.65572 -1.36108 -1.14404 1 
1.30372 -0.49188 -0.161122 -0.0403518 -0.732411 0 
1.30372 -0.49188 -0.161122 -0.0403518 -0.732411 0 
1.30372 -0.49188 -0.161122 -0.0403517 -0.732411 0 
-2.96986 -0.654207 0.598011 -0.767256 0.0595082 0 
1.00515 2.56597 0.143262 0.702393 -0.473432 0 
1.30372 -0.491881 -0.161123 -0.0403515 -0.732412 0 
1.30372 -0.49188 -0.161122 -0.0403518 -0.732411 0 
-2.96653 -1.10479 -0.119114 0.235403 0.738385 0 
-6.05675 0.234072 -1.25041 0.625709 -0.129736 1 
0.494236 0.595659 1.00685 0.817827 -0.0396394 1 
0.636111 -0.386846 0.861288 -0.585126 0.228813 0 
1.30344 -0.491313 -0.161145 -0.0399023 -0.731609 0 
1.30372 -0.49188 -0.161122 -0.0403518 -0.732411 0 
-3.11151 0.327746 0.743609 0.635241 -0.209711 0 
1.30372 -0.49188 -0.161122 -0.040352 -0.73241 0 
1.2935 0.237426 -0.152323 -1.41519 -0.200775 0 
1.30372 -0.49188 -0.161122 -0.0403518 -0.732411 0 
1.30345 -0.491313 -0.161145 -0.0399022 -0.73161 1 
1.30372 -0.49188 -0.161122 -0.0403517 -0.732411 1 
1.30372 -0.49188 -0.161122 -0.0403518 -0.732411 0 
1.2946 -0.298464 -1.58216 -0.0968631 1.42372 1 
-2.96473 -1.01887 0.593606 -0.0798342 -0.206326 0 
1.29647 -0.212563 -0.869452 -0.412091 0.478962 0 
1.30372 -0.49188 -0.161122 -0.0403518 -0.732411 0 
1.29833 -0.126658 -0.156744 -0.727321 -0.465788 0 
1.30158 -0.577216 -0.873852 0.275327 0.213145 0 
1.30372 -0.49188 -0.161122 -0.0403518 -0.732411 0 
1.30003 -0.663698 -1.58654 0.590111 1.15707 0 
0.636124 -0.38685 0.861285 -0.585124 0.228804 0 
-6.05723 0.234217 -1.25031 0.62565 -0.129405 0 
0.989508 3.66051 0.156443 -1.35942 0.324843 0 
0.630879 -0.0221553 0.865713 -1.27256 0.494716 0 
1.30372 -0.49188 -0.161122 -0.0403518 -0.732411 0 
0.634254 -0.472752 0.148579 -0.269896 1.17356 0 
-2.30245 -0.758697 -0.424438 -0.222022 -0.900968 1 
-3.11151 0.327746 0.743609 0.635241 -0.209711 0 
1.29675 -0.213133 -0.869431 -0.41254 0.478155 1 
1.30003 -0.663698 -1.58654 0.590111 1.15707 0 
1.30372 -0.491881 -0.161123 -0.0403515 -0.732412 1 
-4.73713 1.11853 -3.28205 -0.346547 -1.25394 1 
1.30372 -0.491881 -0.161123 -0.0403515 -0.732413 0 
1.30187 -0.577789 -0.873833 0.27488 0.212331 0 
1.30372 -0.491881 -0.161123 -0.0403515 -0.732413 0 
1.29832 -0.126654 -0.156742 -0.727323 -0.46578 0 
0.635834 -0.386279 0.861265 -0.584676 0.229615 1 
0.641256 -0.75151 0.856881 0.102297 -0.0370283 0 
0.639403 -0.837417 0.144172 0.417528 0.907717 0 
-3.25837 1.67487 0.893547 1.35079 -0.212432 1 
-2.96984 -0.654213 0.598007 -0.767253 0.0594936 0 
1.30372 -0.491879 -0.161121 -0.0403522 -0.732409 0 
-2.96665 -1.10475 -0.119089 0.235389 0.738465 0 
1.00815 2.11597 -0.573874 1.70549 0.206285 0 
1.30345 -0.491313 -0.161145 -0.0399023 -0.73161 1 
1.29831 -0.126653 -0.156741 -0.727323 -0.465777 1 
1.30003 -0.663698 -1.58654 0.590112 1.15707 0 
0.641259 -0.751511 0.85688 0.102297 -0.037031 0 
0.489367 0.959756 1.01128 0.129954 0.225402 0 
1.30372 -0.49188 -0.161122 -0.0403517 -0.732411 1 
0.999722 2.9312 0.147646 0.0154196 -0.206787 0 
-2.59564 1.93393 -0.124431 1.20769 -0.908608 0 
0.641256 -0.75151 0.856881 0.102297 -0.0370283 0 
0.641257 -0.75151 0.856881 0.102297 -0.0370292 0 
-2.97016 -0.653635 0.597991 -0.766808 0.0603196 1 
1.30372 -0.49188 -0.161122 -0.0403518 -0.732411 0 
1.01027 2.20131 0.138859 1.38981 -0.73926 0 
1.30372 -0.491881 -0.161122 -0.0403516 -0.732412 0 
-0.169885 0.24958 1.31219 1.27525 1.59974 0 
1.29975 -0.66313 -1.58657 0.590561 1.15787 1 
1.30372 -0.49188 -0.161122 -0.0403518 -0.732411 0 
1.30372 -0.49188 -0.161122 -0.040352 -0.73241 0 
0.969243 5.11858 0.174086 -4.10955 1.38738 0 
1.15698 0.85472 -0.0111291 0.674729 -0.735827 0 
0.640971 -0.75094 0.85686 0.102745 -0.0362217 1 
1.30372 -0.49188 -0.161122 -0.0403517 -0.732411 0 
1.30372 -0.49188 -0.161122 -0.040352 -0.73241 0 
1.13648 2.31335 0.00648221 -2.07495 0.327487 0 
1.01026 2.20132 0.138862 1.38981 -0.73925 1 
-3.11173 0.328296 0.743574 0.635698 -0.20895 1 
0.711417 5.25973 0.44322 2.13301 -0.479478 0 
-0.0212307 -1.01113 1.87489 0.244943 0.658368 0 
1.3036 -0.491842 -0.161096 -0.0403674 -0.732324 0 
-2.96468 -1.01888 0.593596 -0.0798282 -0.206359 0 
1.13281 2.14153 -1.41894 -1.44449 2.21695 0 
1.15161 1.21994 -0.00675497 -0.0122381 -0.469216 1 
1.30372 -0.49188 -0.161122 -0.0403518 -0.732411 0 
-2.96652 -1.10479 -0.119116 0.235404 0.738378 0 
1.15189 1.21937 -0.00673395 -0.0126865 -0.470024 0 
1.14163 1.94869 0.00207486 -1.38753 0.0616434 0 
-2.96679 -1.10423 -0.11914 0.235854 0.739176 0 
0.641256 -0.75151 0.856881 0.102297 -0.0370283 0 
1.30374 -0.491886 -0.161126 -0.0403492 -0.732425 0 
0.968966 5.11915 0.174063 -4.1091 1.38818 0 
0.639403 -0.837417 0.144172 0.417528 0.907717 0 
0.989785 3.65994 0.156466 -1.35987 0.324041 0 
-2.45918 1.31666 -0.265613 -0.882233 -0.373518 1 
1.00998 2.20189 0.13884 1.39026 -0.738445 1 
-2.96472 -1.01887 0.593605 -0.0798335 -0.20633 0 
1.29462 -0.298471 -1.58216 -0.0968603 1.42371 1 
-0.0212323 -1.01113 1.87489 0.244942 0.65837 1 
1.14818 1.04755 -1.43215 0.617774 1.41947 0 
1.30372 -0.49188 -0.161122 -0.0403518 -0.732411 0 
0.640978 -0.750942 0.856858 0.102746 -0.0362267 1 
0.641256 -0.75151 0.856881 0.102297 -0.0370283 0 
1.29833 -0.126659 -0.156745 -0.727321 -0.465792 1 
-2.45404 0.951992 -0.27002 -0.194811 -0.639359 1 
-2.96679 -1.10423 -0.11914 0.235855 0.739174 1 
-2.9671 -1.10413 -0.119075 0.235816 0.739388 1 
1.30003 -0.663698 -1.58654 0.590111 1.15707 0 
1.157 0.854714 -0.0111333 0.674732 -0.735841 0 
1.29975 -0.66313 -1.58657 0.590561 1.15787 1 
0.640978 -0.750942 0.856858 0.102746 -0.0362267 0 
1.30372 -0.491879 -0.161121 -0.0403523 -0.732408 0 
0.969243 5.11858 0.174086 -4.10955 1.38738 0 
1.30373 -0.491881 -0.161123 -0.0403513 -0.732414 0 
1.30188 -0.577789 -0.873833 0.27488 0.21233 0 
1.30372 -0.49188 -0.161122 -0.0403518 -0.732411 1 
-1.78671 0.847528 -1.29245 0.350412 -1.59978 0 
1.29859 -0.127221 -0.156718 -0.727773 -0.466579 0 
1.30185 -0.57778 -0.873827 0.274876 0.212351 1 
1.29975 -0.66313 -1.58657 0.590561 1.15787 1 
-2.96652 -1.10479 -0.119116 0.235404 0.738378 1 
1.30372 -0.491881 -0.161123 -0.0403515 -0.732413 0 
0.640958 -0.750936 0.856863 0.102744 -0.0362123 1 
1.30372 -0.491881 -0.161123 -0.0403515 -0.732412 0 
0.641256 -0.75151 0.856881 0.102297 -0.0370283 0 
1.29492 -0.299044 -1.58214 -0.0973072 1.42289 0 
-2.97212 -0.739507 -0.114694 -0.451591 1.00515 1 
1.30344 -0.491313 -0.161145 -0.0399023 -0.731609 1 
0.636109 -0.386845 0.861288 -0.585126 0.228815 0 
-2.96692 -1.10419 -0.119114 0.235839 0.739261 1 
0.641262 -0.751512 0.85688 0.102298 -0.0370328 0 
1.30372 -0.49188 -0.161122 -0.0403518 -0.732411 1 
0.641256 -0.75151 0.856881 0.102297 -0.0370283 0 
1.30372 -0.49188 -0.161122 -0.0403518 -0.732411 0 
1.30372 -0.49188 -0.161122 -0.0403518 -0.732411 0 
-2.96994 -0.654184 0.598027 -0.767265 0.05956 1 
1.30372 -0.491879 -0.161121 -0.0403522 -0.732408 0 
0.641262 -0.751512 0.85688 0.102298 -0.0370328 1 
1.30372 -0.491881 -0.161123 -0.0403515 -0.732412 0 
0.641256 -0.75151 0.856881 0.102297 -0.0370283 0 
1.14135 1.94925 0.00205206 -1.38708 0.062445 0 
-2.9702 -0.653621 0.598 -0.766813 0.0603499 1 
1.30372 -0.49188 -0.161122 -0.0403517 -0.732411 0 
0.641254 -0.751509 0.856881 0.102297 -0.0370274 0 
0.989508 3.66051 0.156444 -1.35942 0.324843 1 
0.641262 -0.751512 0.85688 0.102298 -0.0370328 0 
1.30345 -0.491313 -0.161145 -0.0399022 -0.73161 0 
0.636111 -0.386846 0.861288 -0.585126 0.228813 0 
0.347512 1.94225 1.15684 1.53291 -0.0430642 1 
0.641262 -0.751512 0.85688 0.102298 -0.0370328 0 
0.641257 -0.75151 0.856881 0.102297 -0.0370296 0 
1.29647 -0.212563 -0.869452 -0.412091 0.478962 0 
1.29462 -0.298471 -1.58216 -0.0968603 1.42371 1 
0.641262 -0.751512 0.85688 0.102298 -0.0370328 0 
1.30372 -0.491881 -0.161123 -0.0403515 -0.732412 0 
1.30188 -0.577789 -0.873833 0.27488 0.21233 0 
-2.97874 -0.461348 -0.822995 -0.82422 2.21486 0 
1.30345 -0.491313 -0.161145 -0.0399023 -0.73161 0 
0.347542 1.94225 1.15684 1.53291 -0.0430853 1 
-3.11656 0.69238 0.747995 -0.0521691 0.056062 1 
0.636111 -0.386846 0.861288 -0.585126 0.228813 0 
1.30372 -0.491881 -0.161123 -0.0403515 -0.732412 0 
-1.79182 1.21218 -1.28805 -0.337006 -1.33396 0 
-2.96466 -1.01889 0.593593 -0.079826 -0.206372 0 
1.29859 -0.12722 -0.156718 -0.727773 -0.466578 0 
1.00998 2.20188 0.138839 1.39026 -0.738449 0 
1.00815 2.11597 -0.573874 1.70549 0.206285 1 
-0.0234915 -1.09643 1.16218 0.560606 1.60401 1 
-2.96509 -1.01827 0.593602 -0.0793959 -0.205462 1 
-0.0245988 -1.09609 1.16242 0.560467 1.60479 1 
0.494229 0.595661 1.00685 0.817826 -0.039634 1 
1.30003 -0.663698 -1.58654 0.590111 1.15707 0 
0.989785 3.65994 0.156466 -1.35987 0.324041 1 
-3.11663 0.692401 0.74801 -0.0521778 0.0561107 0 
-2.9646 -1.01891 0.593578 -0.0798175 -0.20642 0 
1.29975 -0.66313 -1.58657 0.590561 1.15787 0 
0.641262 -0.751512 0.85688 0.102298 -0.0370328 0 
1.13648 2.31335 0.00648221 -2.07495 0.327487 0 
1.29861 -0.127227 -0.156723 -0.72777 -0.466593 1 
-3.11198 0.328374 0.743627 0.635666 -0.208773 1 
-2.96522 -1.01823 0.593629 -0.0794117 -0.205374 1 
-0.0212437 -1.01113 1.87489 0.244941 0.658378 0 
1.30374 -0.491886 -0.161126 -0.0403492 -0.732425 1 
0.494245 0.595656 1.00685 0.817828 -0.0396457 1 
-3.11324 0.2418 0.0308724 0.950488 0.734945 0 
1.29975 -0.66313 -1.58657 0.590561 1.15787 1 
-2.97018 -0.653626 0.597997 -0.766812 0.06034 1 
1.30345 -0.491313 -0.161145 -0.0399023 -0.73161 0 
0.641289 -0.75152 0.856874 0.102301 -0.0370517 0 
1.13281 2.14153 -1.41894 -1.44449 2.21695 0 
1.15159 1.21994 -0.00675001 -0.0122411 -0.4692 1 
1.30003 -0.663698 -1.58654 0.590111 1.15707 0 
1.30372 -0.49188 -0.161122 -0.0403517 -0.732411 0 
1.30372 -0.491879 -0.161121 -0.0403523 -0.732408 0 
1.30372 -0.49188 -0.161122 -0.0403518 -0.732411 1 
-2.96466 -1.01889 0.593592 -0.0798258 -0.206373 0 
1.30187 -0.577788 -0.873832 0.274879 0.212332 0 
1.30372 -0.491879 -0.161121 -0.0403523 -0.732408 1 
1.30372 -0.49188 -0.161122 -0.0403518 -0.732411 0 
0.641256 -0.75151 0.856881 0.102297 -0.0370283 1 
1.29975 -0.66313 -1.58657 0.590561 1.15787 1 
-0.0216432 -1.01052 1.87489 0.245375 0.659265 1 
-2.97207 -0.739524 -0.114706 -0.451584 1.00511 1 
-2.30402 -0.845173 -1.13713 0.0927598 0.042972 0 
1.30344 -0.491312 -0.161144 -0.0399026 -0.731608 0 
1.30372 -0.49188 -0.161122 -0.0403518 -0.732411 0 
-0.0230828 -1.09704 1.16218 0.560174 1.60311 0 
1.30188 -0.577789 -0.873833 0.27488 0.21233 0 
-6.20724 2.03186 -0.383281 0.338564 -0.81113 0 
-2.96467 -1.01888 0.593595 -0.0798273 -0.206365 1 
-6.0575 0.234785 -1.25033 0.626099 -0.128603 1 
1.29975 -0.66313 -1.58657 0.590561 1.15787 1 
1.28977 0.065621 -1.57774 -0.784731 1.68874 1 
1.30374 -0.491886 -0.161126 -0.0403492 -0.732425 0 
-2.30615 -0.930515 -1.84986 0.408441 0.988515 1 
1.30372 -0.49188 -0.161122 -0.0403518 -0.732411 0 
-6.20696 2.0313 -0.383259 0.338114 -0.811932 1 
-0.0235725 -1.09641 1.1622 0.560596 1.60406 1 
-2.97211 -0.73951 -0.114696 -0.45159 1.00514 1 
0.634269 -0.472756 0.148576 -0.269894 1.17355 0 
-2.96687 -1.1042 -0.119124 0.235845 0.739226 1 
-2.96693 -1.10418 -0.11911 0.235837 0.739274 1 
-12.1013 2.29519 -3.65412 -0.683196 -1.32985 1 
0.489118 0.960315 1.01125 0.130407 0.226184 0 
1.30372 -0.49188 -0.161122 -0.0403518 -0.732411 0 
0.489394 0.959747 1.01128 0.129958 0.225383 0 
1.30344 -0.491313 -0.161145 -0.0399023 -0.731609 1 
0.635834 -0.386279 0.861265 -0.584676 0.229615 1 
0.641253 -0.751509 0.856881 0.102296 -0.0370265 0 
-3.25873 1.67498 0.893622 1.35075 -0.212183 1 
-3.11889 0.607103 0.0353063 0.263485 1.00175 1 
1.30372 -0.491881 -0.161123 -0.0403515 -0.732412 0 
1.30372 -0.49188 -0.161122 -0.0403518 -0.732411 0 
0.637285 -0.92276 -0.568563 0.733209 1.85326 1 
0.48911 0.960317 1.01126 0.130406 0.226189 1 
0.969243 5.11858 0.174086 -4.10955 1.38738 0 
-2.96707 -1.10414 -0.119081 0.23582 0.739368 1 
1.30373 -0.491881 -0.161123 -0.0403512 -0.732414 0 
-2.30245 -0.758697 -0.424438 -0.222022 -0.900968 1 
1.15158 1.21994 -0.00674986 -0.0122411 -0.469199 1 
-3.11359 0.24239 0.030865 0.950928 0.735798 1 
1.28949 0.0661886 -1.57776 -0.784281 1.68954 1 
-2.96467 -1.01889 0.593594 -0.0798266 -0.206368 0 
-3.11171 0.327806 0.74365 0.635217 -0.209574 0 
1.29347 0.237434 -0.152317 -1.41519 -0.200757 0 
-0.0268944 -0.645827 1.87932 -0.442061 0.925182 1 
1.30372 -0.49188 -0.161122 -0.0403518 -0.732411 0 
-2.96988 -0.654202 0.598014 -0.767257 0.0595179 0 
-2.96707 -1.10414 -0.119082 0.23582 0.739366 1 
1.30372 -0.49188 -0.161122 -0.0403518 -0.732411 1 
-2.96469 -1.01888 0.593597 -0.0798289 -0.206356 0 
-2.45404 0.951992 -0.27002 -0.194811 -0.639359 1 
-9.16118 2.7535 -1.65572 -1.36108 -1.14404 1 
0.641256 -0.75151 0.856881 0.102297 -0.0370283 0 
0.641256 -0.75151 0.856881 0.102297 -0.0370283 0 
0.641256 -0.75151 0.856881 0.102297 -0.0370283 0 
-2.30245 -0.758697 -0.424438 -0.222022 -0.900968 1 
0.640978 -0.750942 0.856858 0.102746 -0.0362267 1 
1.29831 -0.126653 -0.156741 -0.727323 -0.465777 1 
1.15187 1.21937 -0.00672958 -0.0126891 -0.470009 1 
1.30372 -0.49188 -0.161122 -0.040352 -0.73241 0 
1.30372 -0.491879 -0.161121 -0.0403522 -0.732409 0 
-2.96469 -1.01888 0.593597 -0.0798287 -0.206357 0 
1.15005 1.13346 -0.719445 0.302545 0.474717 0 
1.29859 -0.127219 -0.156717 -0.727773 -0.466575 0 
1.30188 -0.577789 -0.873833 0.27488 0.21233 0 
1.30372 -0.491879 -0.161121 -0.0403523 -0.732408 0 
-3.11173 0.328296 0.743574 0.635698 -0.20895 1 
0.640978 -0.750942 0.856858 0.102746 -0.0362267 0 
1.29975 -0.66313 -1.58657 0.590561 1.15787 1 
1.29975 -0.66313 -1.58657 0.590561 1.15787 1 
0.711694 5.25916 0.443243 2.13256 -0.48028 0 
0.63426 -0.472753 0.148578 -0.269895 1.17356 0 
1.15486 0.769377 -0.723863 0.990411 0.209714 0 
1.30372 -0.491881 -0.161123 -0.0403515 -0.732413 0 
1.2949 -0.299038 -1.58214 -0.0973097 1.4229 0 
1.30372 -0.491881 -0.161123 -0.0403515 -0.732412 0 
-2.97202 -0.739537 -0.114715 -0.451579 1.00508 1 
1.3016 -0.577222 -0.873856 0.275329 0.213132 1 
1.29975 -0.66313 -1.58657 0.590561 1.15787 1 
-2.9669 -1.10419 -0.119117 0.235841 0.739249 1 
-2.9717 -0.74012 -0.114703 -0.452022 1.00424 1 
1.29861 -0.127228 -0.156723 -0.72777 -0.466596 0 
1.30372 -0.49188 -0.161122 -0.0403518 -0.732411 0 
-0.0233586 -1.09695 1.16224 0.560139 1.60331 0 
1.14136 1.94925 0.00204967 -1.38708 0.0624371 0 
-0.0286102 -0.731776 1.16659 -0.126813 1.86983 1 
1.30345 -0.491313 -0.161145 -0.0399021 -0.731611 1 
-3.26042 1.58854 0.18096 1.66551 0.731841 0 
1.30188 -0.577792 -0.873835 0.274881 0.212324 0 
1.30372 -0.49188 -0.161122 -0.0403517 -0.732411 0 
-0.0238707 -1.09631 1.16226 0.560559 1.60427 1 
1.00814 2.11597 -0.573874 1.70549 0.206285 1 
1.30372 -0.49188 -0.161122 -0.0403518 -0.732411 0 
-0.0266856 -0.645891 1.87928 -0.442035 0.925035 1 
1.30372 -0.49188 -0.161122 -0.0403518 -0.732411 0 
0.641101 -0.751462 0.856914 0.102277 -0.0369195 0 
0.984634 4.0246 0.160874 -2.04729 0.589887 0 
0.640978 -0.750942 0.856858 0.102746 -0.0362267 1 
1.30003 -0.663698 -1.58654 0.590111 1.15707 0 
0.639134 -0.836852 0.144147 0.417978 0.908514 1 
-6.20688 2.03127 -0.383276 0.338124 -0.811989 1 
1.30372 -0.49188 -0.161122 -0.0403517 -0.732411 1 
1.2935 0.237426 -0.152323 -1.41519 -0.200775 0 
-2.97212 -0.739507 -0.114694 -0.451591 1.00515 1 
-1.93344 2.19413 -1.14246 1.06549 -1.6032 1 
1.30372 -0.49188 -0.161122 -0.0403517 -0.732411 0 
1.30344 -0.491313 -0.161145 -0.0399023 -0.731609 0 
0.641222 -0.751499 0.856888 0.102293 -0.0370049 0 
0.641262 -0.751512 0.85688 0.102298 -0.0370328 0 
0.640979 -0.750942 0.856858 0.102746 -0.0362273 1 
1.30372 -0.49188 -0.161122 -0.0403518 -0.732411 1 
1.30372 -0.49188 -0.161122 -0.0403518 -0.732411 0 
1.29833 -0.126658 -0.156744 -0.727321 -0.465788 0 
1.29859 -0.127221 -0.156718 -0.727773 -0.466579 0 
1.30344 -0.491312 -0.161145 -0.0399026 -0.731608 0 
0.636124 -0.38685 0.861285 -0.585124 0.228804 0 
1.30372 -0.49188 -0.161122 -0.0403517 -0.732411 0 
0.489413 0.959741 1.01127 0.12996 0.225369 1 
1.30372 -0.49188 -0.161122 -0.0403517 -0.732411 0 
1.14135 1.94925 0.00205206 -1.38708 0.062445 0 
1.30372 -0.49188 -0.161122 -0.0403518 -0.732411 0 
1.30003 -0.663698 -1.58654 0.590112 1.15707 0 
-2.97391 -0.825434 -0.827417 -0.136353 1.94985 1 
0.641289 -0.75152 0.856874 0.102301 -0.0370517 0 
1.30372 -0.49188 -0.161122 -0.0403518 -0.732411 1 
1.30344 -0.491312 -0.161145 -0.0399024 -0.731609 0 
0.489101 0.96032 1.01126 0.130405 0.226196 1 
0.347545 1.94224 1.15684 1.53291 -0.043088 1 
0.641256 -0.75151 0.856881 0.102297 -0.0370283 0 
1.00997 2.20189 0.138841 1.39026 -0.738441 0 
1.30187 -0.577789 -0.873833 0.27488 0.212331 0 
1.30003 -0.663698 -1.58654 0.590111 1.15707 0 
1.30372 -0.49188 -0.161122 -0.0403517 -0.732411 0 
1.1516 1.21994 -0.0067532 -0.0122392 -0.469211 0 
1.15186 1.21938 -0.00672723 -0.0126905 -0.470002 0 
1.30372 -0.491881 -0.161123 -0.0403515 -0.732412 0 
0.635834 -0.386279 0.861265 -0.584676 0.229615 1 
0.640945 -0.750932 0.856865 0.102742 -0.0362033 1 
1.30003 -0.663698 -1.58654 0.590111 1.15707 0 
-1.63971 -0.499635 -1.44242 -0.36512 -1.59715 1 
-2.96466 -1.01889 0.593593 -0.079826 -0.206372 1 
1.29831 -0.126653 -0.156741 -0.727323 -0.465777 1 
0.635834 -0.386279 0.861265 -0.584676 0.229615 1 
1.30372 -0.491881 -0.161123 -0.0403515 -0.732412 0 
-2.96985 -0.654211 0.598008 -0.767254 0.0594987 0 
-6.20716 2.03184 -0.383299 0.338574 -0.811187 1 
0.999722 2.9312 0.147646 0.0154196 -0.206787 0 
0.190592 4.01815 1.31563 0.873158 0.485127 1 
-9.44411 4.71682 -1.36452 1.44348 -1.68333 0 
0.641262 -0.751512 0.85688 0.102298 -0.0370328 0 
0.489117 0.960315 1.01125 0.130407 0.226184 1 
1.30372 -0.491879 -0.161121 -0.0403523 -0.732408 0 
1.29861 -0.127227 -0.156723 -0.72777 -0.466593 0 
0.640978 -0.750942 0.856858 0.102746 -0.0362267 1 
1.30372 -0.49188 -0.161122 -0.0403518 -0.732411 1 
-3.25824 1.67434 0.8936 1.35032 -0.213134 1 
0.494245 0.595656 1.00685 0.817828 -0.0396457 1 
-0.0212323 -1.01113 1.87489 0.244942 0.65837 1 
1.14463 1.49869 -0.715061 -0.384428 0.741358 1 
-2.96467 -1.01888 0.593595 -0.0798273 -0.206365 1 
0.342674 2.30634 1.16127 0.845041 0.221955 0 
1.29858 -0.127217 -0.156716 -0.727774 -0.466571 0 
-2.96652 -1.1048 -0.119117 0.235405 0.738372 0 
-2.97178 -0.740093 -0.114684 -0.452033 1.0043 1 
1.30372 -0.49188 -0.161122 -0.0403518 -0.732411 0 
1.30187 -0.577789 -0.873833 0.27488 0.212331 1 
-2.96466 -1.01889 0.593593 -0.079826 -0.206372 0 
-2.97012 -0.653646 0.597983 -0.766803 0.0602931 1 
0.640985 -0.750944 0.856857 0.102747 -0.0362312 1 
1.30003 -0.663698 -1.58654 0.590111 1.15707 0 
-2.96466 -1.01889 0.593593 -0.079826 -0.206372 1 
1.30372 -0.49188 -0.161122 -0.0403518 -0.732411 0 
-2.9647 -1.01888 0.593599 -0.0798298 -0.20635 0 
0.641256 -0.75151 0.856881 0.102297 -0.0370283 0 
1.30372 -0.49188 -0.161122 -0.0403518 -0.732411 0 
1.30372 -0.491881 -0.161123 -0.0403515 -0.732413 0 
0.641289 -0.75152 0.856874 0.102301 -0.0370517 0 
-0.0212323 -1.01113 1.87489 0.244942 0.65837 0 
1.30003 -0.663698 -1.58654 0.590111 1.15707 0 
1.14463 1.49869 -0.715061 -0.384428 0.741358 1 
1.30372 -0.491881 -0.161123 -0.0403515 -0.732412 0 
1.30372 -0.49188 -0.161122 -0.040352 -0.73241 0 
0.342397 2.30691 1.16124 0.84549 0.222756 1 
-2.3043 -0.844605 -1.13715 0.0932089 0.0437753 1 
1.30344 -0.491311 -0.161144 -0.0399029 -0.731606 0 
-2.96473 -1.01887 0.593606 -0.0798342 -0.206326 0 
0.636124 -0.38685 0.861285 -0.585124 0.228804 0 
1.29861 -0.127228 -0.156723 -0.72777 -0.466595 0 
1.30372 -0.49188 -0.161122 -0.0403516 -0.732412 0 
1.15672 0.855284 -0.011154 0.67518 -0.735032 1 
0.984634 4.0246 0.160874 -2.04729 0.589887 0 
0.641289 -0.75152 0.856874 0.102301 -0.0370517 0 
1.30372 -0.49188 -0.161122 -0.0403518 -0.732411 0 
1.30344 -0.491311 -0.161144 -0.0399029 -0.731606 1 
-2.97179 -0.740092 -0.114683 -0.452034 1.0043 1 
1.14135 1.94925 0.00205206 -1.38708 0.062445 0 
-2.97021 -0.653616 0.598004 -0.766815 0.0603617 1 
-2.96652 -1.10479 -0.119116 0.235404 0.738376 0 
1.30372 -0.49188 -0.161122 -0.0403518 -0.732411 0 
1.15187 1.21937 -0.00672958 -0.0126891 -0.470009 1 
1.29858 -0.127217 -0.156716 -0.727774 -0.466571 0 
1.30372 -0.491881 -0.161123 -0.0403515 -0.732412 0 
-2.96467 -1.01888 0.593595 -0.0798273 -0.206365 0 
-0.0231384 -1.09702 1.16219 0.560167 1.60315 0 
1.30372 -0.49188 -0.161122 -0.0403518 -0.732411 0 
1.30186 -0.577784 -0.873829 0.274878 0.212343 0 
-2.97203 -0.739534 -0.114713 -0.45158 1.00508 1 
1.3037 -0.491874 -0.161118 -0.0403541 -0.732398 0 
-6.20724 2.03186 -0.383281 0.338564 -0.81113 0 
1.30372 -0.49188 -0.161122 -0.0403517 -0.732411 0 
1.30372 -0.49188 -0.161122 -0.040352 -0.73241 0 
1.29975 -0.66313 -1.58657 0.590561 1.15787 0 
1.29975 -0.66313 -1.58657 0.590561 1.15787 0 
1.30344 -0.491311 -0.161144 -0.0399029 -0.731606 0 
-2.96509 -1.01827 0.593602 -0.0793959 -0.205462 1 
-2.97183 -0.740078 -0.114673 -0.452039 1.00434 0 
0.347512 1.94225 1.15684 1.53291 -0.0430647 1 
-0.0212323 -1.01113 1.87489 0.244942 0.65837 1 
1.30368 -0.491869 -0.161114 -0.0403565 -0.732385 0 
1.3036 -0.491842 -0.161096 -0.0403674 -0.732324 1 
1.30003 -0.663698 -1.58654 0.590111 1.15707 1 
1.30372 -0.49188 -0.161122 -0.0403518 -0.732411 0 
-2.96466 -1.01889 0.593592 -0.0798259 -0.206372 1 
-0.028552 -0.731794 1.16657 -0.126806 1.86979 1 
1.30372 -0.49188 -0.161122 -0.0403516 -0.732412 0 
-2.96468 -1.01888 0.593597 -0.0798284 -0.206358 0 
-2.30245 -0.758699 -0.424439 -0.222022 -0.900973 1 
1.29999 -0.663685 -1.58653 0.590106 1.1571 0 
0.635834 -0.386279 0.861265 -0.584676 0.229615 1 
1.30372 -0.49188 -0.161122 -0.0403518 -0.732411 0 
-2.96511 -1.01827 0.593606 -0.0793981 -0.20545 1 
1.30372 -0.49188 -0.161122 -0.0403518 -0.732411 0 
1.30188 -0.577789 -0.873833 0.27488 0.21233 0 
-3.11359 0.24239 0.030865 0.950928 0.735798 1 
1.30188 -0.577789 -0.873833 0.27488 0.21233 0 
1.30003 -0.663698 -1.58654 0.590111 1.15707 0 
0.640985 -0.750944 0.856857 0.102747 -0.0362312 1 
-2.96516 -1.01873 0.593699 -0.0798889 -0.206021 0 
1.30372 -0.49188 -0.161122 -0.0403518 -0.732411 0 
0.484321 1.32439 1.01567 -0.557456 0.491174 0 
0.489118 0.960315 1.01125 0.130407 0.226184 1 
1.30188 -0.577789 -0.873833 0.27488 0.21233 0 
1.15005 1.13346 -0.719445 0.302545 0.474717 0 
1.00813 2.11598 -0.57387 1.70549 0.206297 1 
1.30344 -0.491312 -0.161145 -0.0399026 -0.731608 0 
0.347512 1.94225 1.15684 1.53291 -0.0430642 1 
-2.96466 -1.01889 0.593593 -0.079826 -0.206372 0 
-0.0235611 -1.09641 1.1622 0.560598 1.60406 1 
1.30371 -0.491875 -0.161119 -0.0403539 -0.732399 0 
-3.26028 1.58898 0.180849 1.66601 0.732352 1 
-3.25849 1.6749 0.893571 1.35078 -0.212352 1 
0.989508 3.66051 0.156443 -1.35942 0.324843 0 
0.989508 3.66051 0.156443 -1.35942 0.324843 0 
0.636111 -0.386846 0.861288 -0.585126 0.228813 1 
-2.97183 -0.74008 -0.114675 -0.452039 1.00433 0 
-0.0212309 -1.01113 1.87489 0.244943 0.658369 0 
0.635834 -0.386279 0.861265 -0.584676 0.229615 1 
0.639406 -0.837418 0.144171 0.417528 0.907715 1 
1.15186 1.21938 -0.00672706 -0.0126906 -0.470001 0 
0.489367 0.959756 1.01128 0.129954 0.225402 1 
-3.26016 1.58846 0.180905 1.66555 0.73166 1 
0.641222 -0.751499 0.856888 0.102293 -0.0370049 0 
1.30003 -0.663698 -1.58654 0.590111 1.15707 0 
1.30188 -0.577789 -0.873833 0.27488 0.21233 1 
1.30345 -0.491313 -0.161145 -0.0399023 -0.73161 1 
-0.0212323 -1.01113 1.87489 0.244942 0.65837 0 
-2.97193 -0.739565 -0.114734 -0.451568 1.00501 1 
-0.0235935 -1.09688 1.16229 0.560109 1.60347 0 
-3.11691 0.692969 0.747987 -0.0517284 0.0569124 1 
1.29831 -0.126652 -0.15674 -0.727324 -0.465774 1 
1.30003 -0.663698 -1.58654 0.590111 1.15707 0 
1.30372 -0.49188 -0.161122 -0.0403518 -0.732411 0 
0.641254 -0.751509 0.856881 0.102297 -0.0370274 0 
1.30372 -0.49188 -0.161122 -0.0403518 -0.732411 0 
1.30344 -0.491312 -0.161145 -0.0399024 -0.731609 0 
1.29346 0.237439 -0.152314 -1.41519 -0.200746 0 
1.30372 -0.49188 -0.161122 -0.0403518 -0.732411 0 
0.716545 4.89507 0.438817 2.82043 -0.745308 0 
1.30188 -0.577789 -0.873833 0.27488 0.21233 0 
1.30372 -0.49188 -0.161122 -0.0403517 -0.732411 1 
0.641262 -0.751512 0.85688 0.102298 -0.0370328 1 
-2.97523 -0.288994 0.602383 -1.45422 0.32611 1 
-2.96466 -1.01889 0.593593 -0.0798259 -0.206372 1 
1.29975 -0.66313 -1.58657 0.590561 1.15787 1 
1.30372 -0.49188 -0.161122 -0.0403518 -0.732411 0 
1.30371 -0.491875 -0.161119 -0.0403539 -0.732399 0 
0.640978 -0.750942 0.856858 0.102746 -0.0362267 1 
-2.97013 -0.653643 0.597985 -0.766804 0.0603003 1 
1.29647 -0.212563 -0.869452 -0.412091 0.478962 0 
1.30372 -0.49188 -0.161122 -0.0403518 -0.732411 1 
0.489107 0.960318 1.01126 0.130406 0.226191 1 
-3.11883 0.607085 0.0352934 0.263493 1.00171 1 
0.641222 -0.751499 0.856888 0.102293 -0.0370049 0 
-2.96655 -1.10479 -0.119111 0.235401 0.738395 0 
1.30187 -0.577788 -0.873832 0.274879 0.212333 0 
-3.25851 1.67491 0.893576 1.35077 -0.212336 1 
0.641251 -0.751508 0.856882 0.102296 -0.0370247 0 
-3.11847 0.606492 0.035299 0.263054 1.00085 1 
1.30372 -0.49188 -0.161122 -0.0403518 -0.732411 0 
1.30372 -0.49188 -0.161122 -0.0403518 -0.732411 0 
1.30372 -0.491881 -0.161123 -0.0403515 -0.732412 0 
-2.97203 -0.739534 -0.114713 -0.45158 1.00508 1 
1.30372 -0.491881 -0.161123 -0.0403515 -0.732412 0 
1.00632 2.03006 -1.28659 2.02073 1.15101 0 
0.636111 -0.386846 0.861288 -0.585126 0.228813 0 
1.15185 1.21938 -0.00672509 -0.0126917 -0.469995 0 
0.640927 -0.750926 0.856869 0.10274 -0.0361907 1 
1.30374 -0.491886 -0.161126 -0.0403492 -0.732425 0 
1.30188 -0.577789 -0.873833 0.27488 0.21233 0 
-2.9717 -0.740119 -0.114702 -0.452023 1.00424 1 
0.484004 1.32497 1.01565 -0.557012 0.492003 1 
1.30372 -0.49188 -0.161122 -0.0403518 -0.732411 0 
-0.0212729 -1.01112 1.8749 0.244937 0.658398 0 
1.30372 -0.49188 -0.161122 -0.0403518 -0.732411 0 
-0.0230798 -1.09704 1.16218 0.560174 1.60311 1 
1.29859 -0.127221 -0.156718 -0.727773 -0.466579 0 
1.30372 -0.49188 -0.161122 -0.0403518 -0.732411 0 
-0.0212424 -1.01113 1.87489 0.244941 0.658377 1 
0.340514 2.22101 0.44854 1.16072 1.16752 1 
-2.96527 -1.01822 0.593639 -0.0794174 -0.205342 1 
0.564691 6.60633 0.59321 2.84809 -0.482903 0 
1.30372 -0.491881 -0.161123 -0.0403515 -0.732413 0 
1.29462 -0.298471 -1.58216 -0.0968603 1.42371 1 
1.30003 -0.663698 -1.58654 0.590111 1.15707 0 
1.30372 -0.49188 -0.161122 -0.0403518 -0.732411 0 
0.342301 2.30694 1.16126 0.845478 0.222823 1 
1.15188 1.21937 -0.00673039 -0.0126886 -0.470012 0 
1.29831 -0.126653 -0.156741 -0.727323 -0.465777 0 
-2.45946 1.31722 -0.265636 -0.881784 -0.372716 1 
0.641262 -0.751512 0.85688 0.102298 -0.0370328 0 
1.29675 -0.21313 -0.86943 -0.412541 0.478161 0 
-2.96984 -0.654213 0.598006 -0.767253 0.0594927 1 
1.15003 1.13346 -0.71944 0.302542 0.474732 1 
1.30372 -0.49188 -0.161122 -0.0403517 -0.732411 0 
1.3037 -0.491874 -0.161118 -0.0403544 -0.732396 0 
-2.96468 -1.01888 0.593596 -0.0798279 -0.206362 0 
0.637562 -0.923328 -0.56854 0.73276 1.85245 0 
-2.96507 -1.01828 0.593598 -0.0793931 -0.205478 1 
1.30372 -0.49188 -0.161122 -0.0403518 -0.732411 0 
1.30003 -0.663698 -1.58654 0.590111 1.15707 0 
-2.96467 -1.01888 0.593594 -0.0798271 -0.206366 1 
1.30372 -0.491881 -0.161123 -0.0403515 -0.732413 0 
-2.96652 -1.10479 -0.119116 0.235404 0.738377 1 
-0.0211645 -1.01115 1.87487 0.244951 0.658322 0 
0.994627 3.29585 0.152042 -0.671997 0.0590187 0 
0.640978 -0.750942 0.856858 0.102746 -0.0362267 1 
1.30372 -0.49188 -0.161122 -0.0403518 -0.732411 0 
0.489394 0.959747 1.01128 0.129958 0.225383 0 
0.569781 6.24168 0.588815 3.53551 -0.748706 0 
1.29859 -0.12722 -0.156718 -0.727773 -0.466578 0 
1.30372 -0.49188 -0.161122 -0.0403517 -0.732411 0 
-2.9669 -1.10419 -0.119117 0.235841 0.739249 1 
0.994627 3.29585 0.152042 -0.671997 0.0590187 0 
1.3036 -0.491842 -0.161096 -0.0403674 -0.732324 1 
1.14463 1.49869 -0.715061 -0.384428 0.741358 1 
-2.97175 -0.740103 -0.114691 -0.452029 1.00428 1 
1.30372 -0.49188 -0.161122 -0.0403518 -0.732411 0 
-2.96653 -1.10479 -0.119113 0.235403 0.738386 1 
1.30372 -0.49188 -0.161122 -0.0403516 -0.732412 0 
1.30345 -0.491313 -0.161145 -0.0399022 -0.73161 1 
1.30372 -0.49188 -0.161122 -0.0403518 -0.732411 0 
0.494236 0.595659 1.00685 0.817827 -0.0396394 1 
1.30372 -0.49188 -0.161122 -0.0403519 -0.73241 0 
1.29975 -0.66313 -1.58657 0.590561 1.15787 1 
1.29975 -0.663131 -1.58657 0.590561 1.15787 0 
0.630879 -0.0221553 0.865713 -1.27256 0.494716 0 
1.30372 -0.49188 -0.161122 -0.0403518 -0.732411 0 
1.1479 1.04812 -1.43217 0.618223 1.42028 0 
0.641256 -0.75151 0.856881 0.102297 -0.0370283 0 
-3.26017 1.58846 0.180907 1.66554 0.731665 0 
-0.0317282 -0.281741 1.88375 -1.12993 1.1902 1 
1.30188 -0.577789 -0.873833 0.27488 0.21233 0 
-2.96466 -1.01889 0.593592 -0.0798257 -0.206374 0 
1.30372 -0.49188 -0.161122 -0.0403516 -0.732412 0 
1.29861 -0.127227 -0.156723 -0.72777 -0.466593 1 
0.630879 -0.0221553 0.865713 -1.27256 0.494716 0 
0.641256 -0.75151 0.856881 0.102297 -0.0370283 0 
1.30372 -0.49188 -0.161122 -0.0403517 -0.732411 0 
1.30372 -0.49188 -0.161122 -0.0403518 -0.732411 0 
-2.97012 -0.653646 0.597983 -0.766803 0.0602933 1 
0.489084 0.960325 1.01126 0.130403 0.226207 1 
-2.96984 -0.654214 0.598006 -0.767253 0.0594917 0 
0.641262 -0.751512 0.85688 0.102298 -0.0370328 0 
0.641256 -0.75151 0.856881 0.102297 -0.0370283 1 
0.641289 -0.75152 0.856874 0.102301 -0.0370517 0 
1.30372 -0.49188 -0.161122 -0.0403517 -0.732411 0 
1.30372 -0.49188 -0.161122 -0.0403518 -0.732411 0 
1.30344 -0.491311 -0.161144 -0.0399029 -0.731606 1 
0.417935 7.95293 0.743208 3.56317 -0.486305 0 
-9.00133 0.226672 -2.53146 0.300796 -0.99367 1 
1.29975 -0.66313 -1.58657 0.590561 1.15788 0 
-2.96664 -1.10476 -0.119091 0.235389 0.73846 1 
1.30372 -0.491879 -0.161121 -0.0403522 -0.732409 0 
0.984634 4.0246 0.160874 -2.04729 0.589887 0 
0.489362 0.959757 1.01128 0.129954 0.225406 0 
0.340791 2.22044 0.448563 1.16027 1.16672 0 
1.13648 2.31335 0.00648221 -2.07495 0.327487 0 
1.30372 -0.491878 -0.161121 -0.0403525 -0.732407 0 
1.30372 -0.49188 -0.161122 -0.0403517 -0.732411 0 
-3.11213 0.32842 0.743659 0.635648 -0.208669 1 
-2.96985 -0.65421 0.598009 -0.767254 0.0595007 1 
1.15487 0.769376 -0.723864 0.990411 0.209712 1 
1.3036 -0.491842 -0.161096 -0.0403674 -0.732324 1 
1.30188 -0.577789 -0.873833 0.27488 0.21233 0 
-0.0212323 -1.01113 1.87489 0.244942 0.65837 0 
0.641254 -0.751509 0.856881 0.102297 -0.0370274 0 
1.30372 -0.49188 -0.161122 -0.0403518 -0.732411 0 
1.29975 -0.66313 -1.58657 0.590561 1.15787 1 
-3.11856 0.606517 0.0353162 0.263044 1.00091 0 
-4.58314 -0.50739 -2.72371 -0.689889 -2.46189 0 
-5.91585 -0.747171 -1.39593 -0.776397 0.14061 1 
-2.96466 -1.01889 0.593592 -0.0798259 -0.206372 1 
1.15486 0.769377 -0.723863 0.990411 0.209714 0 
1.30003 -0.663698 -1.58654 0.590111 1.15707 0 
1.29861 -0.127227 -0.156723 -0.72777 -0.466593 0 
0.641222 -0.751499 0.856888 0.102293 -0.0370049 0 
0.640977 -0.750942 0.856858 0.102746 -0.0362258 1 
-2.96466 -1.01889 0.593592 -0.0798259 -0.206372 1 
-0.0218291 -1.01047 1.87493 0.245352 0.659396 1 
1.15003 1.13346 -0.71944 0.302543 0.474731 1 
-2.96685 -1.10421 -0.119128 0.235848 0.739213 1 
-2.96466 -1.01889 0.593593 -0.079826 -0.206372 0 
-2.96984 -0.654214 0.598006 -0.767253 0.0594917 1 
1.30372 -0.491879 -0.161121 -0.0403523 -0.732408 0 
0.641256 -0.75151 0.856881 0.102297 -0.0370283 0 
-4.58314 -0.50739 -2.72371 -0.689889 -2.46189 0 
-2.9673 -1.10407 -0.119031 0.23579 0.739533 1 
-2.30245 -0.758699 -0.424439 -0.222022 -0.900973 1 
1.30001 -0.663692 -1.58654 0.590109 1.15709 0 
1.30372 -0.49188 -0.161122 -0.0403517 -0.732411 0 
0.494211 0.595667 1.00686 0.817823 -0.0396214 1 
1.29861 -0.127228 -0.156723 -0.72777 -0.466595 0 
0.641256 -0.75151 0.856881 0.102297 -0.0370283 0 
0.641256 -0.75151 0.856881 0.102297 -0.0370283 0 
-2.96984 -0.654213 0.598007 -0.767253 0.0594936 1 
1.30372 -0.49188 -0.161122 -0.040352 -0.73241 0 
0.625625 0.343024 0.870061 -1.95951 0.761241 1 
1.29975 -0.66313 -1.58657 0.590561 1.15787 1 
0.636111 -0.386846 0.861288 -0.585126 0.228813 0 
1.29833 -0.126659 -0.156745 -0.727321 -0.465791 0 
-2.96541 -1.01817 0.59367 -0.0794361 -0.205238 1 
1.30185 -0.57778 -0.873827 0.274876 0.212351 0 
0.641289 -0.75152 0.856874 0.102301 -0.0370517 0 
0.641256 -0.75151 0.856881 0.102297 -0.0370283 0 
0.641256 -0.75151 0.856881 0.102297 -0.0370283 0 
1.3037 -0.491874 -0.161118 -0.0403544 -0.732396 0 
0.858117 3.91314 0.293235 1.41792 -0.476036 0 
-2.96775 -1.10441 -0.118854 0.235249 0.739244 1 
1.30372 -0.49188 -0.161122 -0.0403518 -0.732411 0 
1.30372 -0.49188 -0.161122 -0.0403518 -0.732411 0 
-2.96467 -1.01888 0.593594 -0.0798271 -0.206366 1 
-2.96991 -0.654193 0.598021 -0.767261 0.05954 0 
-12.1013 2.29519 -3.65412 -0.683196 -1.32985 1 
1.29859 -0.12722 -0.156718 -0.727773 -0.466578 0 
1.30372 -0.49188 -0.161122 -0.0403518 -0.732411 1 
-3.11661 0.692394 0.748005 -0.0521751 0.0560952 0 
1.15186 1.21938 -0.00672721 -0.0126905 -0.470002 0 
0.640978 -0.750942 0.856858 0.102746 -0.0362267 1 
-2.96984 -0.654213 0.598007 -0.767253 0.0594936 0 
1.30003 -0.663698 -1.58654 0.590111 1.15707 0 
0.489125 0.960312 1.01125 0.130408 0.226178 1 
-1.78644 0.846962 -1.29243 0.349962 -1.60057 1 
1.30372 -0.491879 -0.161121 -0.0403523 -0.732408 0 
1.30372 -0.49188 -0.161122 -0.0403518 -0.732411 0 
0.342301 2.30694 1.16126 0.845478 0.222823 1 
0.489424 0.959738 1.01127 0.129961 0.225362 1 
1.30372 -0.49188 -0.161122 -0.0403517 -0.732411 0 
0.641259 -0.751511 0.85688 0.102297 -0.037031 0 
1.30372 -0.49188 -0.161122 -0.0403518 -0.732411 0 
-2.96509 -1.01827 0.593602 -0.0793959 -0.205462 1 
1.30371 -0.491875 -0.161119 -0.0403539 -0.732399 0 
1.30372 -0.491881 -0.161123 -0.0403515 -0.732412 0 
1.30188 -0.577789 -0.873833 0.27488 0.21233 1 
-6.20716 2.03184 -0.383299 0.338574 -0.811187 1 
1.30372 -0.49188 -0.161122 -0.0403517 -0.732411 0 
-2.97018 -0.653626 0.597997 -0.766812 0.06034 1 
-0.0231131 -1.09703 1.16219 0.56017 1.60314 0 
1.29975 -0.66313 -1.58657 0.590561 1.15787 0 
1.29487 -0.299031 -1.58213 -0.0973125 1.42292 0 
1.30372 -0.49188 -0.161122 -0.0403519 -0.73241 0 
1.30372 -0.491879 -0.161121 -0.0403523 -0.732408 0 
1.30372 -0.49188 -0.161122 -0.0403517 -0.732411 0 
-2.30245 -0.758699 -0.424439 -0.222022 -0.900973 0 
1.30188 -0.577789 -0.873833 0.27488 0.21233 0 
0.195692 3.6535 1.31123 1.56058 0.219317 1 
1.30372 -0.49188 -0.161122 -0.0403517 -0.732411 0 
-1.6434 -0.671453 -2.86784 0.265343 0.292331 0 
1.30343 -0.491309 -0.161142 -0.0399038 -0.731601 1 
1.30003 -0.663698 -1.58654 0.590111 1.15707 0 
-3.11213 0.32842 0.743659 0.635648 -0.208669 1 
1.3016 -0.577222 -0.873856 0.275329 0.213132 1 
-2.97013 -0.653642 0.597986 -0.766805 0.0603023 1 
-2.96467 -1.01888 0.593594 -0.0798271 -0.206366 0 
1.00514 2.56597 0.143263 0.702392 -0.473427 0 
1.30372 -0.491881 -0.161123 -0.0403515 -0.732413 0 
1.30372 -0.491881 -0.161123 -0.0403515 -0.732412 0 
1.30345 -0.491313 -0.161145 -0.0399022 -0.73161 1 
1.13281 2.14153 -1.41894 -1.44449 2.21695 0 
1.00515 2.56597 0.143262 0.702393 -0.473432 1 
-5.91008 -1.11251 -1.40039 -0.0893799 -0.126277 0 
1.30003 -0.663698 -1.58654 0.590111 1.15707 0 
0.641222 -0.751499 0.856888 0.102293 -0.0370049 0 
0.968966 5.11915 0.174063 -4.1091 1.38818 0 
-0.0230904 -1.09704 1.16218 0.560173 1.60312 0 
1.30372 -0.49188 -0.161122 -0.0403518 -0.732411 0 
0.641256 -0.75151 0.856881 0.102297 -0.0370283 0 
-2.96494 -1.01832 0.593569 -0.0793764 -0.205571 1 
1.30344 -0.491312 -0.161145 -0.0399026 -0.731608 1 
1.30188 -0.577789 -0.873833 0.27488 0.21233 0 
1.15158 1.21995 -0.00674789 -0.0122423 -0.469193 0 
0.641256 -0.75151 0.856881 0.102297 -0.0370283 0 
0.489117 0.960315 1.01125 0.130407 0.226184 1 
-6.20688 2.03127 -0.383276 0.338124 -0.811989 1 
1.15516 0.768805 -0.723844 0.989963 0.208901 1 
1.30372 -0.491881 -0.161123 -0.0403515 -0.732413 1 
1.30372 -0.49188 -0.161122 -0.0403517 -0.732411 0 
-2.9646 -1.01891 0.593578 -0.0798175 -0.20642 0 
1.30345 -0.491313 -0.161145 -0.0399023 -0.73161 0 
0.641256 -0.75151 0.856881 0.102297 -0.0370283 0 
-2.97012 -0.653645 0.597984 -0.766804 0.0602953 1 
1.30372 -0.49188 -0.161122 -0.0403518 -0.732411 0 
1.30368 -0.491867 -0.161113 -0.040357 -0.732382 0 
0.641262 -0.751512 0.85688 0.102298 -0.0370328 0 
0.989508 3.66051 0.156443 -1.35942 0.324843 0 
1.30372 -0.49188 -0.161122 -0.0403518 -0.732411 0 
-2.9646 -1.01891 0.593578 -0.0798175 -0.20642 0 
1.30344 -0.491313 -0.161145 -0.0399023 -0.731609 0 
0.487519 0.873847 0.298572 0.445186 1.17014 0 
1.30373 -0.491881 -0.161123 -0.0403513 -0.732414 0 
0.994905 3.29528 0.152065 -0.672446 0.0582171 0 
-3.11694 0.69298 0.747994 -0.0517329 0.0569373 1 
1.30372 -0.49188 -0.161122 -0.040352 -0.73241 1 
-0.0211645 -1.01115 1.87487 0.244951 0.658322 0 
-1.78672 0.847529 -1.29245 0.350411 -1.59977 1 
1.13648 2.31335 0.00648221 -2.07495 0.327487 0 
1.30003 -0.663698 -1.58654 0.590111 1.15707 0 
1.3036 -0.491842 -0.161096 -0.0403674 -0.732324 0 
0.345914 1.85579 0.444161 1.84769 0.900896 1 
1.30003 -0.663698 -1.58654 0.590111 1.15707 1 
-2.96877 -1.19009 -0.831822 0.551069 1.68401 1 
1.29647 -0.212563 -0.869452 -0.412091 0.478962 1 
0.489413 0.959741 1.01127 0.12996 0.225369 1 
1.30188 -0.577789 -0.873833 0.27488 0.21233 0 
1.30372 -0.49188 -0.161122 -0.0403517 -0.732411 0 
1.30372 -0.49188 -0.161122 -0.0403519 -0.73241 0 
-3.11876 0.607063 0.0352783 0.263502 1.00166 1 
1.30372 -0.49188 -0.161122 -0.040352 -0.73241 0 
1.30372 -0.49188 -0.161122 -0.0403518 -0.732411 0 
1.3036 -0.491842 -0.161096 -0.0403674 -0.732324 1 
-2.96652 -1.10479 -0.119116 0.235404 0.738376 1 
1.30372 -0.49188 -0.161122 -0.0403518 -0.732411 0 
0.641262 -0.751512 0.85688 0.102298 -0.0370328 0 
-0.0233683 -1.09647 1.16216 0.560622 1.60392 1 
1.30188 -0.57779 -0.873833 0.27488 0.212328 0 
1.30372 -0.49188 -0.161122 -0.040352 -0.73241 0 
1.30372 -0.49188 -0.161122 -0.0403516 -0.732412 0 
0.969243 5.11858 0.174086 -4.10955 1.38738 0 
1.30187 -0.577789 -0.873833 0.27488 0.212331 0 
0.494488 0.595099 1.00688 0.817374 -0.040423 0 
-2.97206 -0.739526 -0.114707 -0.451584 1.0051 1 
0.989785 3.65994 0.156466 -1.35987 0.324041 0 
1.30372 -0.49188 -0.161122 -0.0403517 -0.732411 0 
1.14975 1.13403 -0.719463 0.302992 0.475533 0 
-3.11169 0.328284 0.743565 0.635703 -0.208978 1 
0.635834 -0.386279 0.861265 -0.584676 0.229615 0 
1.15672 0.855282 -0.0111556 0.675181 -0.735037 1 
-0.173691 0.700791 2.02933 0.273013 0.921807 1 
-2.96466 -1.01889 0.593593 -0.079826 -0.206372 1 
0.861419 3.46257 -0.423883 2.42058 0.202861 1 
1.30188 -0.577789 -0.873833 0.27488 0.21233 0 
1.29348 0.237431 -0.15232 -1.41519 -0.200764 0 
0.636148 -0.386858 0.86128 -0.585121 0.228787 0 
-2.96494 -1.01832 0.593569 -0.0793764 -0.205571 1 
0.968966 5.11915 0.174063 -4.1091 1.38818 0 
0.641256 -0.75151 0.856881 0.102297 -0.0370283 0 
0.640978 -0.750942 0.856858 0.102746 -0.0362267 1 
0.634018 -0.472197 0.148548 -0.269441 1.17433 1 
-2.96473 -1.01887 0.593606 -0.0798337 -0.206329 0 
1.30372 -0.491879 -0.161121 -0.0403523 -0.732408 0 
1.15189 1.21937 -0.00673217 -0.0126876 -0.470018 1 
1.30372 -0.49188 -0.161122 -0.0403518 -0.732411 0 
-3.11684 0.692947 0.747972 -0.0517197 0.0568636 1 
-8.85147 -1.03441 -1.96901 -0.729356 -1.93589 0 
1.30372 -0.491879 -0.161122 -0.0403521 -0.732409 0 
0.633992 -0.472189 0.148553 -0.269444 1.17435 1 
1.3016 -0.577222 -0.873856 0.275329 0.213132 1 
1.30372 -0.491879 -0.161121 -0.0403524 -0.732407 0 
1.30372 -0.49188 -0.161122 -0.0403518 -0.732411 0 
1.30372 -0.49188 -0.161122 -0.0403518 -0.732411 0 
-3.11365 0.24241 0.0308787 0.95092 0.735843 1 
0.494229 0.595661 1.00685 0.817826 -0.039634 1 
1.30372 -0.49188 -0.161122 -0.0403518 -0.732411 0 
1.30344 -0.491311 -0.161144 -0.0399032 -0.731605 0 
0.641262 -0.751512 0.85688 0.102298 -0.0370328 0 
1.30372 -0.491881 -0.161123 -0.0403515 -0.732413 0 
0.566113 6.06985 -0.836611 4.16597 1.14076 0 
0.641256 -0.75151 0.856881 0.102297 -0.0370283 0 
-2.96495 -1.01832 0.593572 -0.0793777 -0.205564 1 
1.00486 2.56654 0.14324 0.702842 -0.472625 0 
-2.96652 -1.10479 -0.119116 0.235404 0.738376 1 
1.30003 -0.663698 -1.58654 0.590111 1.15707 0 
